BBox 0: [1436, 44, 1488, 44, 1488, 69, 1436, 69], Text: 1094, Confidence: 0.9709
BBox 1: [1506, 44, 1556, 44, 1556, 69, 1506, 69], Text: 1095, Confidence: 0.9843
BBox 2: [1374, 47, 1423, 47, 1423, 69, 1374, 69], Text: 1093, Confidence: 0.9929
BBox 3: [234, 94, 309, 94, 309, 139, 234, 139], Text: na, Confidence: 0.9944
BBox 4: [1573, 112, 1593, 112, 1593, 134, 1573, 134], Text: 1, Confidence: 0.9925
BBox 5: [1311, 114, 1349, 114, 1349, 137, 1311, 137], Text: 109, Confidence: 0.9844
BBox 6: [665, 129, 715, 129, 715, 154, 665, 154], Text: 1053, Confidence: 0.9906
BBox 7: [1296, 204, 1344, 204, 1344, 229, 1296, 229], Text: 1091, Confidence: 0.9955
BBox 8: [1067, 206, 1117, 206, 1117, 231, 1067, 231], Text: 1056, Confidence: 0.9967
BBox 9: [1289, 294, 1336, 294, 1336, 316, 1289, 316], Text: 1090, Confidence: 0.9893
BBox 10: [269, 306, 316, 306, 316, 331, 269, 331], Text: 1051, Confidence: 0.9865
BBox 11: [463, 331, 516, 331, 516, 354, 463, 354], Text: hall, Confidence: 0.9998
BBox 12: [793, 364, 842, 364, 842, 389, 793, 389], Text: 1058, Confidence: 0.9963
BBox 13: [1281, 374, 1331, 374, 1331, 396, 1281, 396], Text: 1089, Confidence: 0.9703
BBox 14: [588, 391, 628, 391, 628, 413, 588, 413], Text: 105, Confidence: 0.9836
BBox 15: [1271, 448, 1324, 448, 1324, 473, 1271, 473], Text: 1075, Confidence: 0.9930
BBox 16: [301, 456, 351, 456, 351, 476, 301, 476], Text: 1060, Confidence: 0.9939
BBox 17: [638, 466, 675, 466, 675, 483, 638, 483], Text: hall, Confidence: 0.9892
BBox 18: [1533, 463, 1581, 463, 1581, 488, 1533, 488], Text: 1077, Confidence: 0.9990
BBox 19: [206, 478, 256, 478, 256, 503, 206, 503], Text: 1050, Confidence: 0.9632
BBox 20: [1239, 531, 1291, 531, 1291, 556, 1239, 556], Text: 1074, Confidence: 0.9938
BBox 21: [418, 543, 501, 543, 501, 578, 418, 578], Text: hall, Confidence: 0.9994
BBox 22: [1528, 543, 1578, 543, 1578, 566, 1528, 566], Text: 1078, Confidence: 0.9959
BBox 23: [748, 578, 795, 578, 795, 600, 748, 600], Text: 1061, Confidence: 0.9900
BBox 24: [556, 588, 608, 588, 608, 613, 556, 613], Text: 1062, Confidence: 0.9911
BBox 25: [256, 596, 306, 596, 306, 618, 256, 618], Text: 1049, Confidence: 0.9976
BBox 26: [1231, 610, 1284, 610, 1284, 635, 1231, 635], Text: 1070, Confidence: 0.9700
BBox 27: [1531, 625, 1581, 625, 1581, 648, 1531, 648], Text: 1079, Confidence: 0.9908
BBox 28: [1224, 703, 1274, 703, 1274, 725, 1224, 725], Text: 1069, Confidence: 0.9857
BBox 29: [1398, 708, 1446, 708, 1446, 725, 1398, 725], Text: 1072, Confidence: 0.9967
BBox 30: [1523, 705, 1573, 705, 1573, 730, 1523, 730], Text: 1080, Confidence: 0.9759
BBox 31: [895, 750, 947, 750, 947, 773, 895, 773], Text: 1065, Confidence: 0.9917
BBox 32: [274, 765, 321, 765, 321, 785, 274, 785], Text: 1048, Confidence: 0.9966
BBox 33: [1219, 773, 1271, 773, 1271, 798, 1219, 798], Text: 1068, Confidence: 0.9967
BBox 34: [680, 793, 728, 793, 728, 815, 680, 815], Text: 1064, Confidence: 0.9732
BBox 35: [1431, 822, 1513, 822, 1513, 860, 1431, 860], Text: hall, Confidence: 0.9998
BBox 36: [162, 882, 214, 882, 214, 905, 162, 905], Text: 1045, Confidence: 0.9922
BBox 37: [1234, 882, 1286, 882, 1286, 905, 1234, 905], Text: 1066, Confidence: 0.9803
BBox 38: [326, 885, 376, 885, 376, 910, 326, 910], Text: 1046, Confidence: 0.9799
BBox 39: [57, 902, 109, 902, 109, 925, 57, 925], Text: 1043, Confidence: 0.9878
BBox 40: [1027, 1004, 1107, 1004, 1107, 1039, 1027, 1039], Text: hall, Confidence: 0.9930
