BBox 0: [601, 42, 666, 42, 666, 80, 601, 80], Text: na, Confidence: 0.9899
BBox 1: [1305, 133, 1388, 133, 1388, 168, 1305, 168], Text: hall, Confidence: 0.9994
BBox 2: [1554, 155, 1615, 155, 1615, 181, 1554, 181], Text: 1151, Confidence: 0.9887
BBox 3: [938, 168, 1003, 168, 1003, 197, 938, 197], Text: 1145, Confidence: 0.9947
BBox 4: [382, 173, 446, 173, 446, 203, 382, 203], Text: 1139, Confidence: 0.9993
BBox 5: [1190, 179, 1254, 179, 1254, 208, 1190, 208], Text: 1145, Confidence: 0.9935
BBox 6: [615, 187, 663, 187, 663, 214, 615, 214], Text: 142, Confidence: 0.9999
BBox 7: [1374, 195, 1441, 195, 1441, 222, 1374, 222], Text: 1150, Confidence: 0.9995
BBox 8: [1190, 278, 1254, 278, 1254, 307, 1190, 307], Text: 1145, Confidence: 0.9935
BBox 9: [1554, 294, 1618, 294, 1618, 323, 1554, 323], Text: 1152, Confidence: 0.9969
BBox 10: [379, 395, 441, 395, 441, 422, 379, 422], Text: 1141, Confidence: 0.9994
BBox 11: [607, 398, 671, 398, 671, 425, 607, 425], Text: 1144, Confidence: 0.9989
BBox 12: [1551, 411, 1615, 411, 1615, 441, 1551, 441], Text: 1153, Confidence: 0.9812
BBox 13: [43, 431, 126, 436, 125, 473, 41, 468], Text: hall, Confidence: 0.9891
BBox 14: [1567, 529, 1615, 529, 1615, 559, 1567, 559], Text: 155, Confidence: 0.9957
BBox 15: [1554, 535, 1570, 535, 1570, 556, 1554, 556], Text: 1, Confidence: 0.9693
BBox 16: [1559, 620, 1623, 620, 1623, 647, 1559, 647], Text: 1154, Confidence: 0.9775
BBox 17: [856, 671, 938, 671, 938, 708, 856, 708], Text: hall, Confidence: 0.9983
BBox 18: [283, 714, 334, 714, 334, 743, 283, 743], Text: 159, Confidence: 0.9981
BBox 19: [272, 719, 286, 719, 286, 740, 272, 740], Text: 1, Confidence: 0.9728
BBox 20: [205, 858, 270, 858, 270, 888, 205, 888], Text: 1170, Confidence: 0.9958
BBox 21: [703, 928, 757, 928, 757, 952, 703, 952], Text: 1161, Confidence: 0.9975
BBox 22: [157, 954, 219, 954, 219, 981, 157, 981], Text: 1171, Confidence: 0.9953
BBox 23: [353, 1005, 395, 1005, 395, 1029, 353, 1029], Text: 116, Confidence: 0.9936
BBox 24: [1214, 1024, 1267, 1024, 1267, 1045, 1214, 1045], Text: 1162, Confidence: 0.9975
BBox 25: [1412, 1040, 1468, 1040, 1468, 1064, 1412, 1064], Text: 1162, Confidence: 0.9989
