BBox 0: [343, 91, 413, 91, 413, 124, 343, 124], Text: 1001, Confidence: 0.9803
BBox 1: [492, 273, 568, 273, 568, 310, 492, 310], Text: 1013, Confidence: 0.9663
BBox 2: [203, 319, 273, 319, 273, 352, 203, 352], Text: 1002, Confidence: 0.9868
BBox 3: [1389, 370, 1459, 370, 1459, 404, 1389, 404], Text: 1031, Confidence: 0.9868
BBox 4: [495, 386, 568, 386, 568, 422, 495, 422], Text: 1014, Confidence: 0.9810
BBox 5: [1070, 410, 1143, 410, 1143, 443, 1070, 443], Text: 1030, Confidence: 0.9916
BBox 6: [1706, 408, 1780, 412, 1778, 451, 1703, 446], Text: 1032, Confidence: 0.9777
BBox 7: [170, 489, 243, 489, 243, 522, 170, 522], Text: 1004, Confidence: 0.9820
BBox 8: [495, 489, 574, 489, 574, 526, 495, 526], Text: 1015, Confidence: 0.9934
BBox 9: [170, 595, 243, 595, 243, 626, 170, 626], Text: 1005, Confidence: 0.9816
BBox 10: [495, 595, 571, 595, 571, 629, 495, 629], Text: 1016, Confidence: 0.9721
BBox 11: [170, 696, 243, 696, 243, 729, 170, 729], Text: 1006, Confidence: 0.9763
BBox 12: [495, 696, 568, 696, 568, 729, 495, 729], Text: 1017, Confidence: 0.9723
BBox 13: [1575, 790, 1651, 790, 1651, 824, 1575, 824], Text: 1036, Confidence: 0.9891
BBox 14: [1781, 790, 1836, 790, 1836, 824, 1781, 824], Text: 035, Confidence: 0.9988
BBox 15: [170, 796, 243, 796, 243, 830, 170, 830], Text: 1007, Confidence: 0.9976
BBox 16: [495, 796, 571, 796, 571, 830, 495, 830], Text: 1018, Confidence: 0.9728
BBox 17: [1137, 811, 1210, 811, 1210, 845, 1137, 845], Text: 1029, Confidence: 0.9886
BBox 18: [170, 903, 243, 903, 243, 936, 170, 936], Text: 1008, Confidence: 0.9928
BBox 19: [495, 903, 568, 903, 568, 936, 495, 936], Text: 1019, Confidence: 0.9944
BBox 20: [1593, 933, 1666, 933, 1666, 966, 1593, 966], Text: 1037, Confidence: 0.9865
BBox 21: [495, 1006, 571, 1006, 571, 1042, 495, 1042], Text: 1020, Confidence: 0.9904
BBox 22: [170, 1009, 243, 1009, 243, 1039, 170, 1039], Text: 1009, Confidence: 0.9819
BBox 23: [1593, 1033, 1669, 1033, 1669, 1067, 1593, 1067], Text: 1038, Confidence: 0.9846
BBox 24: [1231, 1061, 1307, 1061, 1307, 1094, 1231, 1094], Text: 1028, Confidence: 0.9773
BBox 25: [495, 1103, 565, 1103, 565, 1137, 495, 1137], Text: 1021, Confidence: 0.9799
BBox 26: [170, 1115, 243, 1115, 243, 1149, 170, 1149], Text: 1010, Confidence: 0.9755
BBox 27: [1596, 1134, 1669, 1134, 1669, 1167, 1596, 1167], Text: 1039, Confidence: 0.9988
BBox 28: [1596, 1234, 1672, 1234, 1672, 1270, 1596, 1270], Text: 1040, Confidence: 0.9935
BBox 29: [493, 1238, 580, 1246, 576, 1283, 489, 1275], Text: 1022, Confidence: 0.9601
BBox 30: [176, 1283, 234, 1283, 234, 1316, 176, 1316], Text: 101, Confidence: 0.9909
BBox 31: [644, 1283, 717, 1283, 717, 1316, 644, 1316], Text: 1024, Confidence: 0.9961
BBox 32: [757, 1283, 830, 1283, 830, 1316, 757, 1316], Text: 1025, Confidence: 0.9795
BBox 33: [854, 1283, 927, 1283, 927, 1316, 854, 1316], Text: 1026, Confidence: 0.9952
BBox 34: [1003, 1283, 1073, 1283, 1073, 1316, 1003, 1316], Text: 1027, Confidence: 0.9714
BBox 35: [234, 1289, 246, 1289, 246, 1310, 234, 1310], Text: 1, Confidence: 0.9968
BBox 36: [504, 1343, 583, 1343, 583, 1380, 504, 1380], Text: 1023, Confidence: 0.9546
